1 -0.0102089 -0.00214387
2 -0.0294768 -0.00619014
3 -0.0351152 -0.00737419
4 -0.0283994 -0.00596387
5 -0.0280506 -0.00586484
6 -0.0280506 -0.00586484
7 -0.0280506 -0.00586484
8 -0.0280506 -0.00586484
9 -0.0280506 -0.00586484
10 -0.0280506 -0.00586484
11 -0.0278854 -0.00585224
12 -0.0258721 -0.00526831
13 -0.03199 -0.00655306
14 -0.0315316 -0.00660304
15 -0.0304174 -0.00636906
16 -0.034159 -0.00753964
17 0.0438595 0.00884425
18 0.150822 0.0313064
19 0.178222 0.0398989
20 0.14951 0.0338692
21 0.0933361 0.0145698
22 0.0261045 0.000451142
23 0.0806166 0.0118987
24 0.0773723 0.0159965
25 0.0348672 0.00707042
26 -0.018374 -0.00861364
27 -0.0766208 -0.0208455
28 -0.126774 -0.0313776
29 -0.165555 -0.0382535
30 -0.186995 -0.0427558
31 -0.196675 -0.0422087
32 -0.195349 -0.0419304
33 -0.185331 -0.0398265
34 -0.172197 -0.0350496
35 -0.156809 -0.0318182
36 -0.141656 -0.0284827
37 -0.131718 -0.0263957
38 -0.197729 -0.0402579
39 -0.306664 -0.0743636
40 -0.33533 -0.0803834
41 -0.312643 -0.0638357
42 -0.253298 -0.0513732
43 -0.18712 -0.0374759
44 -0.240255 -0.0555063
45 -0.235551 -0.0545184
46 -0.195236 -0.0376807
47 -0.135192 -0.0250715
48 -0.0801401 -0.0135106
49 -0.0275952 -0.00138103
50 0.0182389 0.00824412
51 -0.0246344 -0.00935182
52 0.0400678 0.0139254
53 0.1232 0.0313833
54 0.191676 0.0457632
55 0.231756 0.0520104
56 0.230597 0.0517669
57 0.229479 0.0515322
58 0.228478 0.051322
59 0.227781 0.0511755
60 0.227799 0.0476195
61 0.227817 0.0476231
62 0.227835 0.047627
63 0.22785 0.0476302
64 0.227902 0.047641
65 0.228024 0.0477215
66 0.224337 0.0466493
67 0.123948 0.0255676
68 0.0410064 0.00102519
69 -0.00746713 -0.00915425
70 -0.0329955 -0.0145152
71 -0.0374383 -0.00839078
72 -0.0262868 -0.00604898
73 -0.00902175 -0.000471412
74 0.0115131 0.00384091
75 0.0310973 0.00795358
76 0.0481008 0.0115104
77 0.0600253 0.0140145
78 0.0673455 0.0155518
79 -0.0119559 -0.00977134
80 -0.0506051 -0.0178877
81 -0.0558314 -0.0123296
82 -0.0404767 -0.00910511
83 -0.0131382 -0.00336404
84 0.0244456 0.00838637
85 0.131079 0.0307794
86 0.194762 0.0465407
87 0.217537 0.0513235
88 0.211171 0.0499866
89 0.186638 0.0369326
90 0.153919 0.0300616
91 0.118914 0.0217918
92 0.0912769 0.015988
93 0.0692458 0.0113614
94 0.0551155 0.0102839
95 0.0477618 0.00873959
96 0.0459383 0.00947345
97 0.0477145 0.00984646
98 0.0517488 0.0106936
99 0.0566328 0.0123343
100 0.0614367 0.0133431
101 0.0651814 0.0141295
102 0.0677252 0.0144666
103 0.0693273 0.0148031
104 0.0685866 0.0143656
105 0.0671729 0.0140688
106 0.0659055 0.0138026
