1 -2.00739e-07 4.65753e-08 0
2 -9.17825e-08 2.4784e-08 0
3 -1.40229e-07 3.44733e-08 0
4 -3.4426e-08 1.33127e-08 0
5 -7.90906e-08 2.00534e-08 0
6 -2.65339e-08 9.54207e-09 0
7 -8.53341e-08 2.13021e-08 0
8 2.24768 0 0.449536
9 3 0 0.6
10 3 0 0.6
11 3 0 0.6027
12 0.955201 0 0.031016
13 0.638295 0.0323653 0
14 1.13486 0 0.271279
15 1.29748 0 0.303803
16 1.12558 0 0.216957
17 1.01755 0 0.195351
18 1.02947 0 0.197735
19 1.06081 0 0.221218
20 1.06249 0 0.221554
21 1.04491 0 0.215066
22 1.03369 0 0.212821
23 1.03121 0 0.212324
24 1.03205 0 0.214895
25 1.04061 0 0.216607
26 1.02878 0 0.214153
27 1.02432 0 0.213261
28 1.03241 0 0.21488
29 1.02782 0 0.215464
30 1.02346 0 0.214593
31 1.02129 0 0.215271
32 1.02034 0 0.215083
33 1.01751 0 0.214516
34 1.01631 0 0.215269
35 1.01522 0 0.215051
36 1.01605 0 0.216293
37 1.01303 0 0.215689
38 1.01014 0 0.215111
39 1.00944 0 0.215758
40 1.01091 0 0.216053
41 1.00969 0 0.216675
42 1.0077 0 0.216276
43 1.01113 0 0.216963
44 1.00488 0 0.216214
45 0.066673 0 0.0285732
46 -0.858316 0.230696 0
47 0.998285 0 0.140624
48 0.996164 0 0.1402
49 0.921787 0 0.194203
50 0.87125 0 0.184096
51 0.622466 0 0.120947
52 0.623988 0 0.141837
53 0.680931 0 0.153226
54 0.643835 0 0.145807
55 0.668865 0 0.153295
56 -0.333356 0.0471489 0
57 -0.00574036 0 0.0183742
58 -0.00175957 0 0.0191703
59 -0.0426569 0 0.0109909
60 -0.0413626 0 0.00931361
61 -0.0308003 0 0.0114261
62 2.24737 0 0.467059
63 2.99871 0 0.617328
64 2.86922 0 0.59143
65 2.4283 0 0.470055
66 0.537273 0.0236761 0
67 0.544208 0.0222891 0
68 1.06557 0 0.275934
69 1.27646 0 0.318111
70 1.10239 0 0.283298
71 0.932462 0 0.194848
72 0.892423 0 0.18684
73 0.948711 0 0.217049
74 0.988568 0 0.22502
75 0.983763 0 0.224059
76 0.96691 0 0.215708
77 0.962945 0 0.214915
78 0.984123 0 0.21915
79 0.979913 0 0.220202
80 0.972924 0 0.218804
81 0.97519 0 0.220653
82 0.969397 0 0.219494
83 0.965297 0 0.218674
84 0.986259 0 0.22525
85 0.972079 0 0.222414
86 0.955432 0 0.216936
87 0.9563 0 0.217109
88 0.959246 0 0.217698
89 0.963466 0 0.221079
90 0.963479 0 0.221082
91 1.29258 0 0.314056
92 1.20807 0 0.297154
93 0.995784 0 0.254696
94 0.859769 0 0.191058
95 0.857661 0 0.190636
96 1.00269 0 0.243027
97 1.02484 0 0.247458
98 0.964893 0 0.235468
99 0.921581 0 0.212568
100 0.91654 0 0.21156
101 0.934166 0 0.215085
102 0.948565 0 0.223436
103 0.949372 0 0.223597
104 2.99378 0 0.797572
105 2.99336 0 0.797489
106 2.99897 0 0.798611
